   h    k    l      d (Å)      F(real)      F(imag)          |F|         2θ          I    M ID(λ) Phase
  -1   -1   -1   3.156634    48.294667     7.362384      48.8526   23.86081  100.00000    1     1     1
   0   -1    0   3.156634    48.294667     7.362384      48.8526   23.86081  100.00000    1     1     1
   1    1    1   3.156634    48.294667     7.362384      48.8526   23.86081  100.00000    1     1     1
   0    1    0   3.156634    48.294667     7.362384      48.8526   23.86081  100.00000    1     1     1
   0    0    1   3.156634    48.294667     7.362384      48.8526   23.86081  100.00000    1     1     1
   1    0    0   3.156634    48.294667     7.362384      48.8526   23.86081  100.00000    1     1     1
   0    0   -1   3.156634    48.294667     7.362384      48.8526   23.86081  100.00000    1     1     1
  -1    0    0   3.156634    48.294667     7.362384      48.8526   23.86081  100.00000    1     1     1
  -1   -1    0   2.733725    34.763483     7.316863      35.5251   27.62008   38.84261    1     1     1
  -1    0   -1   2.733725    34.763483     7.316863      35.5251   27.62008   38.84261    1     1     1
   0    1    1   2.733725    34.763483     7.316863      35.5251   27.62008   38.84261    1     1     1
   0   -1   -1   2.733725    34.763483     7.316863      35.5251   27.62008   38.84261    1     1     1
   1    0    1   2.733725    34.763483     7.316863      35.5251   27.62008   38.84261    1     1     1
   1    1    0   2.733725    34.763483     7.316863      35.5251   27.62008   38.84261    1     1     1
  -2   -1   -1   1.933035    51.207922     7.407905       51.741   39.45875   38.00297    1     1     1
  -1   -2   -1   1.933035    51.207922     7.407905       51.741   39.45875   38.00297    1     1     1
  -1   -1   -2   1.933035    51.207922     7.407905       51.741   39.45875   38.00297    1     1     1
   0   -1    1   1.933035    51.207922     7.407905       51.741   39.45875   38.00297    1     1     1
  -1    0    1   1.933035    51.207922     7.407905       51.741   39.45875   38.00297    1     1     1
   1    1    2   1.933035    51.207922     7.407905       51.741   39.45875   38.00297    1     1     1
   1    0   -1   1.933035    51.207922     7.407905       51.741   39.45875   38.00297    1     1     1
   0    1   -1   1.933035    51.207922     7.407905       51.741   39.45875   38.00297    1     1     1
   1    2    1   1.933035    51.207922     7.407905       51.741   39.45875   38.00297    1     1     1
   2    1    1   1.933035    51.207922     7.407905       51.741   39.45875   38.00297    1     1     1
   1   -1    0   1.933035    51.207922     7.407905       51.741   39.45875   38.00297    1     1     1
  -1    1    0   1.933035    51.207922     7.407905       51.741   39.45875   38.00297    1     1     1
  -2   -1    0   1.648498    39.188526     7.362384      39.8741   46.63739   15.51103    1     1     1
  -2   -1   -2   1.648498    39.188526     7.362384      39.8741   46.63739   15.51103    1     1     1
  -2   -2   -1   1.648498    39.188526     7.362384      39.8741   46.63739   15.51103    1     1     1
  -2    0   -1   1.648498    39.188526     7.362384      39.8741   46.63739   15.51103    1     1     1
  -1   -2   -2   1.648498    39.188526     7.362384      39.8741   46.63739   15.51103    1     1     1
  -1    1   -1   1.648498    39.188526     7.362384      39.8741   46.63739   15.51103    1     1     1
  -1    0   -2   1.648498    39.188526     7.362384      39.8741   46.63739   15.51103    1     1     1
   0    1    2   1.648498    39.188526     7.362384      39.8741   46.63739   15.51103    1     1     1
   1   -1   -1   1.648498    39.188526     7.362384      39.8741   46.63739   15.51103    1     1     1
   0   -1   -2   1.648498    39.188526     7.362384      39.8741   46.63739   15.51103    1     1     1
  -1    1    1   1.648498    39.188526     7.362384      39.8741   46.63739   15.51103    1     1     1
   2    1    0   1.648498    39.188526     7.362384      39.8741   46.63739   15.51103    1     1     1
   2    1    2   1.648498    39.188526     7.362384      39.8741   46.63739   15.51103    1     1     1
   2    2    1   1.648498    39.188526     7.362384      39.8741   46.63739   15.51103    1     1     1
   1    2    2   1.648498    39.188526     7.362384      39.8741   46.63739   15.51103    1     1     1
   2    0    1   1.648498    39.188526     7.362384      39.8741   46.63739   15.51103    1     1     1
   1    0    2   1.648498    39.188526     7.362384      39.8741   46.63739   15.51103    1     1     1
   1   -1    1   1.648498    39.188526     7.362384      39.8741   46.63739   15.51103    1     1     1
  -1   -2    0   1.648498    39.188526     7.362384      39.8741   46.63739   15.51103    1     1     1
  -1   -1    1   1.648498    39.188526     7.362384      39.8741   46.63739   15.51103    1     1     1
   0    2    1   1.648498    39.188526     7.362384      39.8741   46.63739   15.51103    1     1     1
   0   -2   -1   1.648498    39.188526     7.362384      39.8741   46.63739   15.51103    1     1     1
   1    1   -1   1.648498    39.188526     7.362384      39.8741   46.63739   15.51103    1     1     1
   1    2    0   1.648498    39.188526     7.362384      39.8741   46.63739   15.51103    1     1     1
  -2   -2   -2   1.578317    30.639129     7.316863      31.5007   48.84308    8.71669    1     1     1
   0   -2    0   1.578317    30.639129     7.316863      31.5007   48.84308    8.71669    1     1     1
   0    2    0   1.578317    30.639129     7.316863      31.5007   48.84308    8.71669    1     1     1
   2    2    2   1.578317    30.639129     7.316863      31.5007   48.84308    8.71669    1     1     1
   0    0   -2   1.578317    30.639129     7.316863      31.5007   48.84308    8.71669    1     1     1
   0    0    2   1.578317    30.639129     7.316863      31.5007   48.84308    8.71669    1     1     1
   2    0    0   1.578317    30.639129     7.316863      31.5007   48.84308    8.71669    1     1     1
  -2    0    0   1.578317    30.639129     7.316863      31.5007   48.84308    8.71669    1     1     1
  -2   -2    0   1.366863    42.702817     7.407905      43.3406   57.03240   11.59802    1     1     1
  -2    0   -2   1.366863    42.702817     7.407905      43.3406   57.03240   11.59802    1     1     1
   0    2    2   1.366863    42.702817     7.407905      43.3406   57.03240   11.59802    1     1     1
   0   -2   -2   1.366863    42.702817     7.407905      43.3406   57.03240   11.59802    1     1     1
   2    0    2   1.366863    42.702817     7.407905      43.3406   57.03240   11.59802    1     1     1
   2    2    0   1.366863    42.702817     7.407905      43.3406   57.03240   11.59802    1     1     1
  -3   -2   -2   1.254319    34.491449     7.362384      35.2685   62.69703    6.21418    1     1     1
  -2   -3   -2   1.254319    34.491449     7.362384      35.2685   62.69703    6.21418    1     1     1
  -2    0    1   1.254319    34.491449     7.362384      35.2685   62.69703    6.21418    1     1     1
  -1   -3   -1   1.254319    34.491449     7.362384      35.2685   62.69703    6.21418    1     1     1
  -1   -1   -3   1.254319    34.491449     7.362384      35.2685   62.69703    6.21418    1     1     1
  -3   -1   -1   1.254319    34.491449     7.362384      35.2685   62.69703    6.21418    1     1     1
  -2   -2   -3   1.254319    34.491449     7.362384      35.2685   62.69703    6.21418    1     1     1
   3    2    2   1.254319    34.491449     7.362384      35.2685   62.69703    6.21418    1     1     1
   2    3    2   1.254319    34.491449     7.362384      35.2685   62.69703    6.21418    1     1     1
   1    1    3   1.254319    34.491449     7.362384      35.2685   62.69703    6.21418    1     1     1
   1    3    1   1.254319    34.491449     7.362384      35.2685   62.69703    6.21418    1     1     1
   2    2    3   1.254319    34.491449     7.362384      35.2685   62.69703    6.21418    1     1     1
   2    0   -1   1.254319    34.491449     7.362384      35.2685   62.69703    6.21418    1     1     1
   3    1    1   1.254319    34.491449     7.362384      35.2685   62.69703    6.21418    1     1     1
  -1    0    2   1.254319    34.491449     7.362384      35.2685   62.69703    6.21418    1     1     1
  -2    1    0   1.254319    34.491449     7.362384      35.2685   62.69703    6.21418    1     1     1
  -1    2    0   1.254319    34.491449     7.362384      35.2685   62.69703    6.21418    1     1     1
   0   -1    2   1.254319    34.491449     7.362384      35.2685   62.69703    6.21418    1     1     1
   1   -2    0   1.254319    34.491449     7.362384      35.2685   62.69703    6.21418    1     1     1
   0    1   -2   1.254319    34.491449     7.362384      35.2685   62.69703    6.21418    1     1     1
   1    0   -2   1.254319    34.491449     7.362384      35.2685   62.69703    6.21418    1     1     1
   2   -1    0   1.254319    34.491449     7.362384      35.2685   62.69703    6.21418    1     1     1
   0   -2    1   1.254319    34.491449     7.362384      35.2685   62.69703    6.21418    1     1     1
   0    2   -1   1.254319    34.491449     7.362384      35.2685   62.69703    6.21418    1     1     1
  -3   -1   -2   1.222559    28.112121     7.316863      29.0487   64.51937    3.95994    1     1     1
   3    1    2   1.222559    28.112121     7.316863      29.0487   64.51937    3.95994    1     1     1
  -2   -3   -1   1.222559    28.112121     7.316863      29.0487   64.51937    3.95994    1     1     1
   2    3    1   1.222559    28.112121     7.316863      29.0487   64.51937    3.95994    1     1     1
   1    3    2   1.222559    28.112121     7.316863      29.0487   64.51937    3.95994    1     1     1
  -1   -3   -2   1.222559    28.112121     7.316863      29.0487   64.51937    3.95994    1     1     1
  -1   -2   -3   1.222559    28.112121     7.316863      29.0487   64.51937    3.95994    1     1     1
  -1   -2    1   1.222559    28.112121     7.316863      29.0487   64.51937    3.95994    1     1     1
  -1    1   -2   1.222559    28.112121     7.316863      29.0487   64.51937    3.95994    1     1     1
  -2   -1    1   1.222559    28.112121     7.316863      29.0487   64.51937    3.95994    1     1     1
  -2    1   -1   1.222559    28.112121     7.316863      29.0487   64.51937    3.95994    1     1     1
  -2   -1   -3   1.222559    28.112121     7.316863      29.0487   64.51937    3.95994    1     1     1
  -3   -2   -1   1.222559    28.112121     7.316863      29.0487   64.51937    3.95994    1     1     1
  -1    1    2   1.222559    28.112121     7.316863      29.0487   64.51937    3.95994    1     1     1
  -1    2    1   1.222559    28.112121     7.316863      29.0487   64.51937    3.95994    1     1     1
   1   -1   -2   1.222559    28.112121     7.316863      29.0487   64.51937    3.95994    1     1     1
   1   -2   -1   1.222559    28.112121     7.316863      29.0487   64.51937    3.95994    1     1     1
   1    2    3   1.222559    28.112121     7.316863      29.0487   64.51937    3.95994    1     1     1
   1    2   -1   1.222559    28.112121     7.316863      29.0487   64.51937    3.95994    1     1     1
   1   -1    2   1.222559    28.112121     7.316863      29.0487   64.51937    3.95994    1     1     1
   2   -1    1   1.222559    28.112121     7.316863      29.0487   64.51937    3.95994    1     1     1
   2    1   -1   1.222559    28.112121     7.316863      29.0487   64.51937    3.95994    1     1     1
   3    2    1   1.222559    28.112121     7.316863      29.0487   64.51937    3.95994    1     1     1
   2    1    3   1.222559    28.112121     7.316863      29.0487   64.51937    3.95994    1     1     1
  -2   -3   -3   1.116039    37.779737     7.407905      38.4992   71.56388    5.60838    1     1     1
  -3   -2   -3   1.116039    37.779737     7.407905      38.4992   71.56388    5.60838    1     1     1
  -3   -3   -2   1.116039    37.779737     7.407905      38.4992   71.56388    5.60838    1     1     1
   2    3    3   1.116039    37.779737     7.407905      38.4992   71.56388    5.60838    1     1     1
   3    2    3   1.116039    37.779737     7.407905      38.4992   71.56388    5.60838    1     1     1
   3    3    2   1.116039    37.779737     7.407905      38.4992   71.56388    5.60838    1     1     1
  -1   -1    2   1.116039    37.779737     7.407905      38.4992   71.56388    5.60838    1     1     1
   0   -1   -3   1.116039    37.779737     7.407905      38.4992   71.56388    5.60838    1     1     1
   0    1    3   1.116039    37.779737     7.407905      38.4992   71.56388    5.60838    1     1     1
   0   -3   -1   1.116039    37.779737     7.407905      38.4992   71.56388    5.60838    1     1     1
  -1    0   -3   1.116039    37.779737     7.407905      38.4992   71.56388    5.60838    1     1     1
   0    3    1   1.116039    37.779737     7.407905      38.4992   71.56388    5.60838    1     1     1
   1    0    3   1.116039    37.779737     7.407905      38.4992   71.56388    5.60838    1     1     1
   1    1   -2   1.116039    37.779737     7.407905      38.4992   71.56388    5.60838    1     1     1
  -3    0   -1   1.116039    37.779737     7.407905      38.4992   71.56388    5.60838    1     1     1
  -2    1    1   1.116039    37.779737     7.407905      38.4992   71.56388    5.60838    1     1     1
  -1   -3    0   1.116039    37.779737     7.407905      38.4992   71.56388    5.60838    1     1     1
  -3   -1    0   1.116039    37.779737     7.407905      38.4992   71.56388    5.60838    1     1     1
  -1    2   -1   1.116039    37.779737     7.407905      38.4992   71.56388    5.60838    1     1     1
   1   -2    1   1.116039    37.779737     7.407905      38.4992   71.56388    5.60838    1     1     1
   2   -1   -1   1.116039    37.779737     7.407905      38.4992   71.56388    5.60838    1     1     1
   1    3    0   1.116039    37.779737     7.407905      38.4992   71.56388    5.60838    1     1     1
   3    0    1   1.116039    37.779737     7.407905      38.4992   71.56388    5.60838    1     1     1
   3    1    0   1.116039    37.779737     7.407905      38.4992   71.56388    5.60838    1     1     1
  -3   -3   -1   1.052211    31.371521     7.362384      32.2239   76.65712    3.45823    1     1     1
  -3   -1   -3   1.052211    31.371521     7.362384      32.2239   76.65712    3.45823    1     1     1
   0   -3   -2   1.052211    31.371521     7.362384      32.2239   76.65712    3.45823    1     1     1
  -1   -3   -3   1.052211    31.371521     7.362384      32.2239   76.65712    3.45823    1     1     1
   0    3    2   1.052211    31.371521     7.362384      32.2239   76.65712    3.45823    1     1     1
   0    3    0   1.052211    31.371521     7.362384      32.2239   76.65712    3.45823    1     1     1
   0   -3    0   1.052211    31.371521     7.362384      32.2239   76.65712    3.45823    1     1     1
  -3   -3   -3   1.052211    31.371521     7.362384      32.2239   76.65712    3.45823    1     1     1
   1    3    3   1.052211    31.371521     7.362384      32.2239   76.65712    3.45823    1     1     1
   3    1    3   1.052211    31.371521     7.362384      32.2239   76.65712    3.45823    1     1     1
   3    3    3   1.052211    31.371521     7.362384      32.2239   76.65712    3.45823    1     1     1
   3    3    1   1.052211    31.371521     7.362384      32.2239   76.65712    3.45823    1     1     1
  -3    0    0   1.052211    31.371521     7.362384      32.2239   76.65712    3.45823    1     1     1
  -3    0   -2   1.052211    31.371521     7.362384      32.2239   76.65712    3.45823    1     1     1
  -3   -2    0   1.052211    31.371521     7.362384      32.2239   76.65712    3.45823    1     1     1
   2    0    3   1.052211    31.371521     7.362384      32.2239   76.65712    3.45823    1     1     1
   2    3    0   1.052211    31.371521     7.362384      32.2239   76.65712    3.45823    1     1     1
   3    0    0   1.052211    31.371521     7.362384      32.2239   76.65712    3.45823    1     1     1
   0   -2   -3   1.052211    31.371521     7.362384      32.2239   76.65712    3.45823    1     1     1
   0    2    3   1.052211    31.371521     7.362384      32.2239   76.65712    3.45823    1     1     1
  -2    0   -3   1.052211    31.371521     7.362384      32.2239   76.65712    3.45823    1     1     1
  -2   -3    0   1.052211    31.371521     7.362384      32.2239   76.65712    3.45823    1     1     1
   3    0    2   1.052211    31.371521     7.362384      32.2239   76.65712    3.45823    1     1     1
   3    2    0   1.052211    31.371521     7.362384      32.2239   76.65712    3.45823    1     1     1
  -1    2    2   1.052211    31.371521     7.362384      32.2239   76.65712    3.45823    1     1     1
  -2   -2    1   1.052211    31.371521     7.362384      32.2239   76.65712    3.45823    1     1     1
   1   -2   -2   1.052211    31.371521     7.362384      32.2239   76.65712    3.45823    1     1     1
   0    0    3   1.052211    31.371521     7.362384      32.2239   76.65712    3.45823    1     1     1
   0    0   -3   1.052211    31.371521     7.362384      32.2239   76.65712    3.45823    1     1     1
   2    2   -1   1.052211    31.371521     7.362384      32.2239   76.65712    3.45823    1     1     1
  -2    1   -2   1.052211    31.371521     7.362384      32.2239   76.65712    3.45823    1     1     1
   2   -1    2   1.052211    31.371521     7.362384      32.2239   76.65712    3.45823    1     1     1
  -2   -4   -2   0.966518    34.396307     7.407905       35.185   84.93249    3.53978    1     1     1
  -2   -2   -4   0.966518    34.396307     7.407905       35.185   84.93249    3.53978    1     1     1
  -2    0    2   0.966518    34.396307     7.407905       35.185   84.93249    3.53978    1     1     1
  -4   -2   -2   0.966518    34.396307     7.407905       35.185   84.93249    3.53978    1     1     1
   0   -2    2   0.966518    34.396307     7.407905       35.185   84.93249    3.53978    1     1     1
   0    2   -2   0.966518    34.396307     7.407905       35.185   84.93249    3.53978    1     1     1
   2    2    4   0.966518    34.396307     7.407905       35.185   84.93249    3.53978    1     1     1
   2    0   -2   0.966518    34.396307     7.407905       35.185   84.93249    3.53978    1     1     1
   2    4    2   0.966518    34.396307     7.407905       35.185   84.93249    3.53978    1     1     1
   4    2    2   0.966518    34.396307     7.407905       35.185   84.93249    3.53978    1     1     1
  -2    2    0   0.966518    34.396307     7.407905       35.185   84.93249    3.53978    1     1     1
   2   -2    0   0.966518    34.396307     7.407905       35.185   84.93249    3.53978    1     1     1
   1   -3   -1   0.924168    28.989908     7.362384      29.9102   89.83611    2.41752    1     1     1
   1    4    2   0.924168    28.989908     7.362384      29.9102   89.83611    2.41752    1     1     1
   2    3    4   0.924168    28.989908     7.362384      29.9102   89.83611    2.41752    1     1     1
  -1   -4   -2   0.924168    28.989908     7.362384      29.9102   89.83611    2.41752    1     1     1
  -1    3    1   0.924168    28.989908     7.362384      29.9102   89.83611    2.41752    1     1     1
  -2   -3   -4   0.924168    28.989908     7.362384      29.9102   89.83611    2.41752    1     1     1
  -3   -2   -4   0.924168    28.989908     7.362384      29.9102   89.83611    2.41752    1     1     1
   3    2    4   0.924168    28.989908     7.362384      29.9102   89.83611    2.41752    1     1     1
  -3    1   -1   0.924168    28.989908     7.362384      29.9102   89.83611    2.41752    1     1     1
  -2   -4   -3   0.924168    28.989908     7.362384      29.9102   89.83611    2.41752    1     1     1
  -2   -1   -4   0.924168    28.989908     7.362384      29.9102   89.83611    2.41752    1     1     1
  -2   -4   -1   0.924168    28.989908     7.362384      29.9102   89.83611    2.41752    1     1     1
  -2    2    1   0.924168    28.989908     7.362384      29.9102   89.83611    2.41752    1     1     1
  -2    2   -1   0.924168    28.989908     7.362384      29.9102   89.83611    2.41752    1     1     1
  -2    1    2   0.924168    28.989908     7.362384      29.9102   89.83611    2.41752    1     1     1
  -4   -1   -2   0.924168    28.989908     7.362384      29.9102   89.83611    2.41752    1     1     1
  -3   -4   -2   0.924168    28.989908     7.362384      29.9102   89.83611    2.41752    1     1     1
  -3   -1    1   0.924168    28.989908     7.362384      29.9102   89.83611    2.41752    1     1     1
  -4   -2   -3   0.924168    28.989908     7.362384      29.9102   89.83611    2.41752    1     1     1
  -4   -2   -1   0.924168    28.989908     7.362384      29.9102   89.83611    2.41752    1     1     1
  -4   -3   -2   0.924168    28.989908     7.362384      29.9102   89.83611    2.41752    1     1     1
  -1   -3    1   0.924168    28.989908     7.362384      29.9102   89.83611    2.41752    1     1     1
  -1   -2   -4   0.924168    28.989908     7.362384      29.9102   89.83611    2.41752    1     1     1
   1    3   -1   0.924168    28.989908     7.362384      29.9102   89.83611    2.41752    1     1     1
   1    2    4   0.924168    28.989908     7.362384      29.9102   89.83611    2.41752    1     1     1
   2   -1   -2   0.924168    28.989908     7.362384      29.9102   89.83611    2.41752    1     1     1
   2   -2    1   0.924168    28.989908     7.362384      29.9102   89.83611    2.41752    1     1     1
   2   -2   -1   0.924168    28.989908     7.362384      29.9102   89.83611    2.41752    1     1     1
   3    1   -1   0.924168    28.989908     7.362384      29.9102   89.83611    2.41752    1     1     1
   3    4    2   0.924168    28.989908     7.362384      29.9102   89.83611    2.41752    1     1     1
   4    1    2   0.924168    28.989908     7.362384      29.9102   89.83611    2.41752    1     1     1
   2    4    3   0.924168    28.989908     7.362384      29.9102   89.83611    2.41752    1     1     1
   3   -1    1   0.924168    28.989908     7.362384      29.9102   89.83611    2.41752    1     1     1
   2    4    1   0.924168    28.989908     7.362384      29.9102   89.83611    2.41752    1     1     1
   2    1    4   0.924168    28.989908     7.362384      29.9102   89.83611    2.41752    1     1     1
   4    2    1   0.924168    28.989908     7.362384      29.9102   89.83611    2.41752    1     1     1
   4    2    3   0.924168    28.989908     7.362384      29.9102   89.83611    2.41752    1     1     1
   4    3    2   0.924168    28.989908     7.362384      29.9102   89.83611    2.41752    1     1     1
  -2   -1    2   0.924168    28.989908     7.362384      29.9102   89.83611    2.41752    1     1     1
  -1    1    3   0.924168    28.989908     7.362384      29.9102   89.83611    2.41752    1     1     1
  -1    1   -3   0.924168    28.989908     7.362384      29.9102   89.83611    2.41752    1     1     1
  -1   -2    2   0.924168    28.989908     7.362384      29.9102   89.83611    2.41752    1     1     1
  -1    2   -2   0.924168    28.989908     7.362384      29.9102   89.83611    2.41752    1     1     1
   1   -2    2   0.924168    28.989908     7.362384      29.9102   89.83611    2.41752    1     1     1
   1   -1    3   0.924168    28.989908     7.362384      29.9102   89.83611    2.41752    1     1     1
   1   -1   -3   0.924168    28.989908     7.362384      29.9102   89.83611    2.41752    1     1     1
   1    2   -2   0.924168    28.989908     7.362384      29.9102   89.83611    2.41752    1     1     1
   2    1   -2   0.924168    28.989908     7.362384      29.9102   89.83611    2.41752    1     1     1
  -4   -3   -3   0.911242    24.417616     7.316863      25.4903   91.46861    1.73296    1     1     1
  -3   -3   -4   0.911242    24.417616     7.316863      25.4903   91.46861    1.73296    1     1     1
   0   -3   -3   0.911242    24.417616     7.316863      25.4903   91.46861    1.73296    1     1     1
   3    3    4   0.911242    24.417616     7.316863      25.4903   91.46861    1.73296    1     1     1
   0    3    3   0.911242    24.417616     7.316863      25.4903   91.46861    1.73296    1     1     1
   4    3    3   0.911242    24.417616     7.316863      25.4903   91.46861    1.73296    1     1     1
  -3   -4   -3   0.911242    24.417616     7.316863      25.4903   91.46861    1.73296    1     1     1
  -3   -3    0   0.911242    24.417616     7.316863      25.4903   91.46861    1.73296    1     1     1
  -4   -1   -1   0.911242    24.417616     7.316863      25.4903   91.46861    1.73296    1     1     1
  -1    3    0   0.911242    24.417616     7.316863      25.4903   91.46861    1.73296    1     1     1
   0   -3    1   0.911242    24.417616     7.316863      25.4903   91.46861    1.73296    1     1     1
   0    3   -1   0.911242    24.417616     7.316863      25.4903   91.46861    1.73296    1     1     1
  -3    1    0   0.911242    24.417616     7.316863      25.4903   91.46861    1.73296    1     1     1
  -1   -4   -1   0.911242    24.417616     7.316863      25.4903   91.46861    1.73296    1     1     1
  -3    0    1   0.911242    24.417616     7.316863      25.4903   91.46861    1.73296    1     1     1
  -3    0   -3   0.911242    24.417616     7.316863      25.4903   91.46861    1.73296    1     1     1
   1   -3    0   0.911242    24.417616     7.316863      25.4903   91.46861    1.73296    1     1     1
   1    4    1   0.911242    24.417616     7.316863      25.4903   91.46861    1.73296    1     1     1
   3    0   -1   0.911242    24.417616     7.316863      25.4903   91.46861    1.73296    1     1     1
   3   -1    0   0.911242    24.417616     7.316863      25.4903   91.46861    1.73296    1     1     1
   3    4    3   0.911242    24.417616     7.316863      25.4903   91.46861    1.73296    1     1     1
   3    3    0   0.911242    24.417616     7.316863      25.4903   91.46861    1.73296    1     1     1
   3    0    3   0.911242    24.417616     7.316863      25.4903   91.46861    1.73296    1     1     1
   4    1    1   0.911242    24.417616     7.316863      25.4903   91.46861    1.73296    1     1     1
  -1   -1   -4   0.911242    24.417616     7.316863      25.4903   91.46861    1.73296    1     1     1
   0   -1    3   0.911242    24.417616     7.316863      25.4903   91.46861    1.73296    1     1     1
  -1    0    3   0.911242    24.417616     7.316863      25.4903   91.46861    1.73296    1     1     1
   1    1    4   0.911242    24.417616     7.316863      25.4903   91.46861    1.73296    1     1     1
   1    0   -3   0.911242    24.417616     7.316863      25.4903   91.46861    1.73296    1     1     1
   0    1   -3   0.911242    24.417616     7.316863      25.4903   91.46861    1.73296    1     1     1
  -4   -3   -1   0.864480    31.834065     7.407905      32.6846   98.02402    2.78017    1     1     1
  -4   -1   -3   0.864480    31.834065     7.407905      32.6846   98.02402    2.78017    1     1     1
  -3   -2    1   0.864480    31.834065     7.407905      32.6846   98.02402    2.78017    1     1     1
  -3   -4   -1   0.864480    31.834065     7.407905      32.6846   98.02402    2.78017    1     1     1
  -2   -3    1   0.864480    31.834065     7.407905      32.6846   98.02402    2.78017    1     1     1
  -2    1   -3   0.864480    31.834065     7.407905      32.6846   98.02402    2.78017    1     1     1
  -3    1   -2   0.864480    31.834065     7.407905      32.6846   98.02402    2.78017    1     1     1
  -3   -1   -4   0.864480    31.834065     7.407905      32.6846   98.02402    2.78017    1     1     1
   1   -3   -2   0.864480    31.834065     7.407905      32.6846   98.02402    2.78017    1     1     1
   1   -2   -3   0.864480    31.834065     7.407905      32.6846   98.02402    2.78017    1     1     1
   1    3    4   0.864480    31.834065     7.407905      32.6846   98.02402    2.78017    1     1     1
  -1    2    3   0.864480    31.834065     7.407905      32.6846   98.02402    2.78017    1     1     1
  -1    3    2   0.864480    31.834065     7.407905      32.6846   98.02402    2.78017    1     1     1
  -1   -3   -4   0.864480    31.834065     7.407905      32.6846   98.02402    2.78017    1     1     1
  -1   -4   -3   0.864480    31.834065     7.407905      32.6846   98.02402    2.78017    1     1     1
   1    4    3   0.864480    31.834065     7.407905      32.6846   98.02402    2.78017    1     1     1
   2   -1    3   0.864480    31.834065     7.407905      32.6846   98.02402    2.78017    1     1     1
   3   -1    2   0.864480    31.834065     7.407905      32.6846   98.02402    2.78017    1     1     1
   2    3   -1   0.864480    31.834065     7.407905      32.6846   98.02402    2.78017    1     1     1
   3    4    1   0.864480    31.834065     7.407905      32.6846   98.02402    2.78017    1     1     1
   3    2   -1   0.864480    31.834065     7.407905      32.6846   98.02402    2.78017    1     1     1
   3    1    4   0.864480    31.834065     7.407905      32.6846   98.02402    2.78017    1     1     1
   4    1    3   0.864480    31.834065     7.407905      32.6846   98.02402    2.78017    1     1     1
   4    3    1   0.864480    31.834065     7.407905      32.6846   98.02402    2.78017    1     1     1
  -4   -3   -4   0.833778    27.055279     7.362384      28.0391  103.00625    2.06681    1     1     1
  -4   -4   -3   0.833778    27.055279     7.362384      28.0391  103.00625    2.06681    1     1     1
   4    3    4   0.833778    27.055279     7.362384      28.0391  103.00625    2.06681    1     1     1
   4    4    3   0.833778    27.055279     7.362384      28.0391  103.00625    2.06681    1     1     1
  -4   -1    0   0.833778    27.055279     7.362384      28.0391  103.00625    2.06681    1     1     1
  -4    0   -1   0.833778    27.055279     7.362384      28.0391  103.00625    2.06681    1     1     1
  -3   -4   -4   0.833778    27.055279     7.362384      28.0391  103.00625    2.06681    1     1     1
  -1    0   -4   0.833778    27.055279     7.362384      28.0391  103.00625    2.06681    1     1     1
  -1   -4    0   0.833778    27.055279     7.362384      28.0391  103.00625    2.06681    1     1     1
   0    1    4   0.833778    27.055279     7.362384      28.0391  103.00625    2.06681    1     1     1
   1   -3    1   0.833778    27.055279     7.362384      28.0391  103.00625    2.06681    1     1     1
   0   -1   -4   0.833778    27.055279     7.362384      28.0391  103.00625    2.06681    1     1     1
  -1    3   -1   0.833778    27.055279     7.362384      28.0391  103.00625    2.06681    1     1     1
   1    0    4   0.833778    27.055279     7.362384      28.0391  103.00625    2.06681    1     1     1
   1    4    0   0.833778    27.055279     7.362384      28.0391  103.00625    2.06681    1     1     1
   4    0    1   0.833778    27.055279     7.362384      28.0391  103.00625    2.06681    1     1     1
   3    4    4   0.833778    27.055279     7.362384      28.0391  103.00625    2.06681    1     1     1
   4    1    0   0.833778    27.055279     7.362384      28.0391  103.00625    2.06681    1     1     1
  -3    1    1   0.833778    27.055279     7.362384      28.0391  103.00625    2.06681    1     1     1
  -1   -1    3   0.833778    27.055279     7.362384      28.0391  103.00625    2.06681    1     1     1
   0   -4   -1   0.833778    27.055279     7.362384      28.0391  103.00625    2.06681    1     1     1
   0    4    1   0.833778    27.055279     7.362384      28.0391  103.00625    2.06681    1     1     1
   3   -1   -1   0.833778    27.055279     7.362384      28.0391  103.00625    2.06681    1     1     1
   1    1   -3   0.833778    27.055279     7.362384      28.0391  103.00625    2.06681    1     1     1
  -4    0   -2   0.824249    22.916043     7.316863      24.0558  104.68750    1.53448    1     1     1
  -2   -4   -4   0.824249    22.916043     7.316863      24.0558  104.68750    1.53448    1     1     1
  -2    2   -2   0.824249    22.916043     7.316863      24.0558  104.68750    1.53448    1     1     1
  -2    0   -4   0.824249    22.916043     7.316863      24.0558  104.68750    1.53448    1     1     1
   0    2    4   0.824249    22.916043     7.316863      24.0558  104.68750    1.53448    1     1     1
   0   -2   -4   0.824249    22.916043     7.316863      24.0558  104.68750    1.53448    1     1     1
  -2    2    2   0.824249    22.916043     7.316863      24.0558  104.68750    1.53448    1     1     1
  -4   -4   -2   0.824249    22.916043     7.316863      24.0558  104.68750    1.53448    1     1     1
  -4   -2   -4   0.824249    22.916043     7.316863      24.0558  104.68750    1.53448    1     1     1
  -4   -2    0   0.824249    22.916043     7.316863      24.0558  104.68750    1.53448    1     1     1
   2   -2   -2   0.824249    22.916043     7.316863      24.0558  104.68750    1.53448    1     1     1
   2   -2    2   0.824249    22.916043     7.316863      24.0558  104.68750    1.53448    1     1     1
   2    4    4   0.824249    22.916043     7.316863      24.0558  104.68750    1.53448    1     1     1
   2    0    4   0.824249    22.916043     7.316863      24.0558  104.68750    1.53448    1     1     1
   4    2    4   0.824249    22.916043     7.316863      24.0558  104.68750    1.53448    1     1     1
   4    2    0   0.824249    22.916043     7.316863      24.0558  104.68750    1.53448    1     1     1
   4    0    2   0.824249    22.916043     7.316863      24.0558  104.68750    1.53448    1     1     1
   4    4    2   0.824249    22.916043     7.316863      24.0558  104.68750    1.53448    1     1     1
   0    4    2   0.824249    22.916043     7.316863      24.0558  104.68750    1.53448    1     1     1
   2    2   -2   0.824249    22.916043     7.316863      24.0558  104.68750    1.53448    1     1     1
   2    4    0   0.824249    22.916043     7.316863      24.0558  104.68750    1.53448    1     1     1
  -2   -2    2   0.824249    22.916043     7.316863      24.0558  104.68750    1.53448    1     1     1
   0   -4   -2   0.824249    22.916043     7.316863      24.0558  104.68750    1.53448    1     1     1
  -2   -4    0   0.824249    22.916043     7.316863      24.0558  104.68750    1.53448    1     1     1
  -4   -4   -4   0.789158    29.791928     7.407905      30.6991  111.56188    2.65411    1     1     1
   0   -4    0   0.789158    29.791928     7.407905      30.6991  111.56188    2.65411    1     1     1
   4    4    4   0.789158    29.791928     7.407905      30.6991  111.56188    2.65411    1     1     1
   0    4    0   0.789158    29.791928     7.407905      30.6991  111.56188    2.65411    1     1     1
   0    0    4   0.789158    29.791928     7.407905      30.6991  111.56188    2.65411    1     1     1
   0    0   -4   0.789158    29.791928     7.407905      30.6991  111.56188    2.65411    1     1     1
  -4    0    0   0.789158    29.791928     7.407905      30.6991  111.56188    2.65411    1     1     1
   4    0    0   0.789158    29.791928     7.407905      30.6991  111.56188    2.65411    1     1     1
  -5   -3   -3   0.765596    25.441545     7.362384      26.4854  116.93471    2.12281    1     1     1
   5    3    3   0.765596    25.441545     7.362384      26.4854  116.93471    2.12281    1     1     1
  -4   -1   -4   0.765596    25.441545     7.362384      26.4854  116.93471    2.12281    1     1     1
  -3   -3   -5   0.765596    25.441545     7.362384      26.4854  116.93471    2.12281    1     1     1
  -3   -5   -3   0.765596    25.441545     7.362384      26.4854  116.93471    2.12281    1     1     1
  -4    0   -3   0.765596    25.441545     7.362384      26.4854  116.93471    2.12281    1     1     1
  -3   -4    0   0.765596    25.441545     7.362384      26.4854  116.93471    2.12281    1     1     1
  -3   -3    1   0.765596    25.441545     7.362384      26.4854  116.93471    2.12281    1     1     1
  -3    1   -3   0.765596    25.441545     7.362384      26.4854  116.93471    2.12281    1     1     1
  -3    0   -4   0.765596    25.441545     7.362384      26.4854  116.93471    2.12281    1     1     1
  -2    3    0   0.765596    25.441545     7.362384      26.4854  116.93471    2.12281    1     1     1
  -1   -4   -4   0.765596    25.441545     7.362384      26.4854  116.93471    2.12281    1     1     1
  -2   -5   -2   0.765596    25.441545     7.362384      26.4854  116.93471    2.12281    1     1     1
  -3    2    0   0.765596    25.441545     7.362384      26.4854  116.93471    2.12281    1     1     1
   0    4    3   0.765596    25.441545     7.362384      26.4854  116.93471    2.12281    1     1     1
   1   -3   -3   0.765596    25.441545     7.362384      26.4854  116.93471    2.12281    1     1     1
   1    4    4   0.765596    25.441545     7.362384      26.4854  116.93471    2.12281    1     1     1
   0   -3   -4   0.765596    25.441545     7.362384      26.4854  116.93471    2.12281    1     1     1
   0    3    4   0.765596    25.441545     7.362384      26.4854  116.93471    2.12281    1     1     1
   0   -4   -3   0.765596    25.441545     7.362384      26.4854  116.93471    2.12281    1     1     1
  -1    3    3   0.765596    25.441545     7.362384      26.4854  116.93471    2.12281    1     1     1
   2   -3    0   0.765596    25.441545     7.362384      26.4854  116.93471    2.12281    1     1     1
   2    5    2   0.765596    25.441545     7.362384      26.4854  116.93471    2.12281    1     1     1
   3   -1    3   0.765596    25.441545     7.362384      26.4854  116.93471    2.12281    1     1     1
   3   -2    0   0.765596    25.441545     7.362384      26.4854  116.93471    2.12281    1     1     1
   3    3    5   0.765596    25.441545     7.362384      26.4854  116.93471    2.12281    1     1     1
   3    3   -1   0.765596    25.441545     7.362384      26.4854  116.93471    2.12281    1     1     1
   3    0    4   0.765596    25.441545     7.362384      26.4854  116.93471    2.12281    1     1     1
   3    4    0   0.765596    25.441545     7.362384      26.4854  116.93471    2.12281    1     1     1
   3    5    3   0.765596    25.441545     7.362384      26.4854  116.93471    2.12281    1     1     1
   4    1    4   0.765596    25.441545     7.362384      26.4854  116.93471    2.12281    1     1     1
   4    0    3   0.765596    25.441545     7.362384      26.4854  116.93471    2.12281    1     1     1
  -4   -3    0   0.765596    25.441545     7.362384      26.4854  116.93471    2.12281    1     1     1
  -4   -4   -1   0.765596    25.441545     7.362384      26.4854  116.93471    2.12281    1     1     1
  -5   -2   -2   0.765596    25.441545     7.362384      26.4854  116.93471    2.12281    1     1     1
  -3    0    2   0.765596    25.441545     7.362384      26.4854  116.93471    2.12281    1     1     1
  -2   -2   -5   0.765596    25.441545     7.362384      26.4854  116.93471    2.12281    1     1     1
   0   -3    2   0.765596    25.441545     7.362384      26.4854  116.93471    2.12281    1     1     1
  -2    0    3   0.765596    25.441545     7.362384      26.4854  116.93471    2.12281    1     1     1
   0    3   -2   0.765596    25.441545     7.362384      26.4854  116.93471    2.12281    1     1     1
   0    2   -3   0.765596    25.441545     7.362384      26.4854  116.93471    2.12281    1     1     1
   0   -2    3   0.765596    25.441545     7.362384      26.4854  116.93471    2.12281    1     1     1
   2    0   -3   0.765596    25.441545     7.362384      26.4854  116.93471    2.12281    1     1     1
   2    2    5   0.765596    25.441545     7.362384      26.4854  116.93471    2.12281    1     1     1
   4    3    0   0.765596    25.441545     7.362384      26.4854  116.93471    2.12281    1     1     1
   3    0   -2   0.765596    25.441545     7.362384      26.4854  116.93471    2.12281    1     1     1
   4    4    1   0.765596    25.441545     7.362384      26.4854  116.93471    2.12281    1     1     1
   5    2    2   0.765596    25.441545     7.362384      26.4854  116.93471    2.12281    1     1     1
  -5   -3   -2   0.758199    21.601729     7.316863      22.8073  118.78110    1.62074    1     1     1
  -3   -5   -2   0.758199    21.601729     7.316863      22.8073  118.78110    1.62074    1     1     1
   3    5    2   0.758199    21.601729     7.316863      22.8073  118.78110    1.62074    1     1     1
   5    3    2   0.758199    21.601729     7.316863      22.8073  118.78110    1.62074    1     1     1
  -5   -2   -3   0.758199    21.601729     7.316863      22.8073  118.78110    1.62074    1     1     1
  -3    2   -1   0.758199    21.601729     7.316863      22.8073  118.78110    1.62074    1     1     1
  -3   -1    2   0.758199    21.601729     7.316863      22.8073  118.78110    1.62074    1     1     1
  -3   -2   -5   0.758199    21.601729     7.316863      22.8073  118.78110    1.62074    1     1     1
   1   -2    3   0.758199    21.601729     7.316863      22.8073  118.78110    1.62074    1     1     1
   1    3   -2   0.758199    21.601729     7.316863      22.8073  118.78110    1.62074    1     1     1
   2   -1   -3   0.758199    21.601729     7.316863      22.8073  118.78110    1.62074    1     1     1
  -1   -3    2   0.758199    21.601729     7.316863      22.8073  118.78110    1.62074    1     1     1
  -1    2   -3   0.758199    21.601729     7.316863      22.8073  118.78110    1.62074    1     1     1
  -2    1    3   0.758199    21.601729     7.316863      22.8073  118.78110    1.62074    1     1     1
  -2   -3   -5   0.758199    21.601729     7.316863      22.8073  118.78110    1.62074    1     1     1
   2    3    5   0.758199    21.601729     7.316863      22.8073  118.78110    1.62074    1     1     1
   3   -2    1   0.758199    21.601729     7.316863      22.8073  118.78110    1.62074    1     1     1
   3    2    5   0.758199    21.601729     7.316863      22.8073  118.78110    1.62074    1     1     1
   3    1   -2   0.758199    21.601729     7.316863      22.8073  118.78110    1.62074    1     1     1
   5    2    3   0.758199    21.601729     7.316863      22.8073  118.78110    1.62074    1     1     1
  -2    3    1   0.758199    21.601729     7.316863      22.8073  118.78110    1.62074    1     1     1
   2   -3   -1   0.758199    21.601729     7.316863      22.8073  118.78110    1.62074    1     1     1
  -2   -5   -3   0.758199    21.601729     7.316863      22.8073  118.78110    1.62074    1     1     1
   2    5    3   0.758199    21.601729     7.316863      22.8073  118.78110    1.62074    1     1     1
   3    5    4   0.730619    28.117399     7.407905      29.0769  126.54282    3.04518    1     1     1
   5    4    3   0.730619    28.117399     7.407905      29.0769  126.54282    3.04518    1     1     1
   5    3    4   0.730619    28.117399     7.407905      29.0769  126.54282    3.04518    1     1     1
  -5   -3   -4   0.730619    28.117399     7.407905      29.0769  126.54282    3.04518    1     1     1
  -3   -5   -4   0.730619    28.117399     7.407905      29.0769  126.54282    3.04518    1     1     1
  -5   -4   -3   0.730619    28.117399     7.407905      29.0769  126.54282    3.04518    1     1     1
  -3    1    2   0.730619    28.117399     7.407905      29.0769  126.54282    3.04518    1     1     1
  -2   -1   -5   0.730619    28.117399     7.407905      29.0769  126.54282    3.04518    1     1     1
  -2    3   -1   0.730619    28.117399     7.407905      29.0769  126.54282    3.04518    1     1     1
  -2   -1    3   0.730619    28.117399     7.407905      29.0769  126.54282    3.04518    1     1     1
  -1   -2    3   0.730619    28.117399     7.407905      29.0769  126.54282    3.04518    1     1     1
  -1   -2   -5   0.730619    28.117399     7.407905      29.0769  126.54282    3.04518    1     1     1
  -1   -4    1   0.730619    28.117399     7.407905      29.0769  126.54282    3.04518    1     1     1
  -3   -4   -5   0.730619    28.117399     7.407905      29.0769  126.54282    3.04518    1     1     1
  -3    2    1   0.730619    28.117399     7.407905      29.0769  126.54282    3.04518    1     1     1
  -2   -5   -1   0.730619    28.117399     7.407905      29.0769  126.54282    3.04518    1     1     1
  -4   -1    1   0.730619    28.117399     7.407905      29.0769  126.54282    3.04518    1     1     1
  -4    1   -1   0.730619    28.117399     7.407905      29.0769  126.54282    3.04518    1     1     1
  -4   -3   -5   0.730619    28.117399     7.407905      29.0769  126.54282    3.04518    1     1     1
  -4   -5   -3   0.730619    28.117399     7.407905      29.0769  126.54282    3.04518    1     1     1
  -1    3   -2   0.730619    28.117399     7.407905      29.0769  126.54282    3.04518    1     1     1
   1   -3    2   0.730619    28.117399     7.407905      29.0769  126.54282    3.04518    1     1     1
   1    2    5   0.730619    28.117399     7.407905      29.0769  126.54282    3.04518    1     1     1
   1    2   -3   0.730619    28.117399     7.407905      29.0769  126.54282    3.04518    1     1     1
   2    1   -3   0.730619    28.117399     7.407905      29.0769  126.54282    3.04518    1     1     1
   2   -3    1   0.730619    28.117399     7.407905      29.0769  126.54282    3.04518    1     1     1
   1    4   -1   0.730619    28.117399     7.407905      29.0769  126.54282    3.04518    1     1     1
   4   -1    1   0.730619    28.117399     7.407905      29.0769  126.54282    3.04518    1     1     1
   4    1   -1   0.730619    28.117399     7.407905      29.0769  126.54282    3.04518    1     1     1
   3    4    5   0.730619    28.117399     7.407905      29.0769  126.54282    3.04518    1     1     1
   2    5    1   0.730619    28.117399     7.407905      29.0769  126.54282    3.04518    1     1     1
   3   -2   -1   0.730619    28.117399     7.407905      29.0769  126.54282    3.04518    1     1     1
   3   -1   -2   0.730619    28.117399     7.407905      29.0769  126.54282    3.04518    1     1     1
   2    1    5   0.730619    28.117399     7.407905      29.0769  126.54282    3.04518    1     1     1
   4    3    5   0.730619    28.117399     7.407905      29.0769  126.54282    3.04518    1     1     1
   4    5    3   0.730619    28.117399     7.407905      29.0769  126.54282    3.04518    1     1     1
  -1   -5   -2   0.730619    28.117399     7.407905      29.0769  126.54282    3.04518    1     1     1
   5    1    2   0.730619    28.117399     7.407905      29.0769  126.54282    3.04518    1     1     1
   1    5    2   0.730619    28.117399     7.407905      29.0769  126.54282    3.04518    1     1     1
   5    2    1   0.730619    28.117399     7.407905      29.0769  126.54282    3.04518    1     1     1
   1   -1   -4   0.730619    28.117399     7.407905      29.0769  126.54282    3.04518    1     1     1
   1   -1    4   0.730619    28.117399     7.407905      29.0769  126.54282    3.04518    1     1     1
   1   -4   -1   0.730619    28.117399     7.407905      29.0769  126.54282    3.04518    1     1     1
  -1    1   -4   0.730619    28.117399     7.407905      29.0769  126.54282    3.04518    1     1     1
  -1    1    4   0.730619    28.117399     7.407905      29.0769  126.54282    3.04518    1     1     1
  -1    4    1   0.730619    28.117399     7.407905      29.0769  126.54282    3.04518    1     1     1
  -5   -2   -1   0.730619    28.117399     7.407905      29.0769  126.54282    3.04518    1     1     1
  -5   -1   -2   0.730619    28.117399     7.407905      29.0769  126.54282    3.04518    1     1     1
